13 14 15 16 12 8 4 
13 14 15 16 12 8 7 11 10 6 2 3 4 
13 14 15 16 12 8 7 11 10 6 5 1 2 3 4 
13 14 15 16 12 8 7 11 10 9 5 6 2 3 4 
13 14 15 16 12 8 7 11 10 9 5 1 2 3 4 
13 14 15 16 12 8 7 3 4 
13 14 15 16 12 8 7 6 10 9 5 1 2 3 4 
13 14 15 16 12 8 7 6 2 3 4 
13 14 15 16 12 8 7 6 5 1 2 3 4 
13 14 15 16 12 11 7 8 4 
13 14 15 16 12 11 7 3 4 
13 14 15 16 12 11 7 6 10 9 5 1 2 3 4 
13 14 15 16 12 11 7 6 2 3 4 
13 14 15 16 12 11 7 6 5 1 2 3 4 
13 14 15 16 12 11 10 6 7 8 4 
13 14 15 16 12 11 10 6 7 3 4 
13 14 15 16 12 11 10 6 2 3 7 8 4 
13 14 15 16 12 11 10 6 2 3 4 
13 14 15 16 12 11 10 6 5 1 2 3 7 8 4 
13 14 15 16 12 11 10 6 5 1 2 3 4 
13 14 15 16 12 11 10 9 5 6 7 8 4 
13 14 15 16 12 11 10 9 5 6 7 3 4 
13 14 15 16 12 11 10 9 5 6 2 3 7 8 4 
13 14 15 16 12 11 10 9 5 6 2 3 4 
13 14 15 16 12 11 10 9 5 1 2 6 7 8 4 
13 14 15 16 12 11 10 9 5 1 2 6 7 3 4 
13 14 15 16 12 11 10 9 5 1 2 3 7 8 4 
13 14 15 16 12 11 10 9 5 1 2 3 4 
13 14 15 11 12 8 4 
13 14 15 11 12 8 7 3 4 
13 14 15 11 12 8 7 6 10 9 5 1 2 3 4 
13 14 15 11 12 8 7 6 2 3 4 
13 14 15 11 12 8 7 6 5 1 2 3 4 
13 14 15 11 7 8 4 
13 14 15 11 7 3 4 
13 14 15 11 7 6 10 9 5 1 2 3 4 
13 14 15 11 7 6 2 3 4 
13 14 15 11 7 6 5 1 2 3 4 
13 14 15 11 10 6 7 8 4 
13 14 15 11 10 6 7 3 4 
13 14 15 11 10 6 2 3 7 8 4 
13 14 15 11 10 6 2 3 4 
13 14 15 11 10 6 5 1 2 3 7 8 4 
13 14 15 11 10 6 5 1 2 3 4 
13 14 15 11 10 9 5 6 7 8 4 
13 14 15 11 10 9 5 6 7 3 4 
13 14 15 11 10 9 5 6 2 3 7 8 4 
13 14 15 11 10 9 5 6 2 3 4 
13 14 15 11 10 9 5 1 2 6 7 8 4 
13 14 15 11 10 9 5 1 2 6 7 3 4 
13 14 15 11 10 9 5 1 2 3 7 8 4 
13 14 15 11 10 9 5 1 2 3 4 
13 14 10 11 15 16 12 8 4 
13 14 10 11 15 16 12 8 7 3 4 
13 14 10 11 15 16 12 8 7 6 2 3 4 
13 14 10 11 15 16 12 8 7 6 5 1 2 3 4 
13 14 10 11 12 8 4 
13 14 10 11 12 8 7 3 4 
13 14 10 11 12 8 7 6 2 3 4 
13 14 10 11 12 8 7 6 5 1 2 3 4 
13 14 10 11 7 8 4 
13 14 10 11 7 3 4 
13 14 10 11 7 6 2 3 4 
13 14 10 11 7 6 5 1 2 3 4 
13 14 10 6 7 11 15 16 12 8 4 
13 14 10 6 7 11 12 8 4 
13 14 10 6 7 8 4 
13 14 10 6 7 3 4 
13 14 10 6 2 3 7 11 15 16 12 8 4 
13 14 10 6 2 3 7 11 12 8 4 
13 14 10 6 2 3 7 8 4 
13 14 10 6 2 3 4 
13 14 10 6 5 1 2 3 7 11 15 16 12 8 4 
13 14 10 6 5 1 2 3 7 11 12 8 4 
13 14 10 6 5 1 2 3 7 8 4 
13 14 10 6 5 1 2 3 4 
13 14 10 9 5 6 7 11 15 16 12 8 4 
13 14 10 9 5 6 7 11 12 8 4 
13 14 10 9 5 6 7 8 4 
13 14 10 9 5 6 7 3 4 
13 14 10 9 5 6 2 3 7 11 15 16 12 8 4 
13 14 10 9 5 6 2 3 7 11 12 8 4 
13 14 10 9 5 6 2 3 7 8 4 
13 14 10 9 5 6 2 3 4 
13 14 10 9 5 1 2 6 7 11 15 16 12 8 4 
13 14 10 9 5 1 2 6 7 11 12 8 4 
13 14 10 9 5 1 2 6 7 8 4 
13 14 10 9 5 1 2 6 7 3 4 
13 14 10 9 5 1 2 3 7 11 15 16 12 8 4 
13 14 10 9 5 1 2 3 7 11 12 8 4 
13 14 10 9 5 1 2 3 7 8 4 
13 14 10 9 5 1 2 3 4 
13 9 10 14 15 16 12 8 4 
13 9 10 14 15 16 12 8 7 3 4 
13 9 10 14 15 16 12 8 7 6 2 3 4 
13 9 10 14 15 16 12 8 7 6 5 1 2 3 4 
13 9 10 14 15 16 12 11 7 8 4 
13 9 10 14 15 16 12 11 7 3 4 
13 9 10 14 15 16 12 11 7 6 2 3 4 
13 9 10 14 15 16 12 11 7 6 5 1 2 3 4 
13 9 10 14 15 11 12 8 4 
13 9 10 14 15 11 12 8 7 3 4 
13 9 10 14 15 11 12 8 7 6 2 3 4 
13 9 10 14 15 11 12 8 7 6 5 1 2 3 4 
13 9 10 14 15 11 7 8 4 
13 9 10 14 15 11 7 3 4 
13 9 10 14 15 11 7 6 2 3 4 
13 9 10 14 15 11 7 6 5 1 2 3 4 
13 9 10 11 15 16 12 8 4 
13 9 10 11 15 16 12 8 7 3 4 
13 9 10 11 15 16 12 8 7 6 2 3 4 
13 9 10 11 15 16 12 8 7 6 5 1 2 3 4 
13 9 10 11 12 8 4 
13 9 10 11 12 8 7 3 4 
13 9 10 11 12 8 7 6 2 3 4 
13 9 10 11 12 8 7 6 5 1 2 3 4 
13 9 10 11 7 8 4 
13 9 10 11 7 3 4 
13 9 10 11 7 6 2 3 4 
13 9 10 11 7 6 5 1 2 3 4 
13 9 10 6 7 11 15 16 12 8 4 
13 9 10 6 7 11 12 8 4 
13 9 10 6 7 8 4 
13 9 10 6 7 3 4 
13 9 10 6 2 3 7 11 15 16 12 8 4 
13 9 10 6 2 3 7 11 12 8 4 
13 9 10 6 2 3 7 8 4 
13 9 10 6 2 3 4 
13 9 10 6 5 1 2 3 7 11 15 16 12 8 4 
13 9 10 6 5 1 2 3 7 11 12 8 4 
13 9 10 6 5 1 2 3 7 8 4 
13 9 10 6 5 1 2 3 4 
13 9 5 6 10 14 15 16 12 8 4 
13 9 5 6 10 14 15 16 12 8 7 3 4 
13 9 5 6 10 14 15 16 12 11 7 8 4 
13 9 5 6 10 14 15 16 12 11 7 3 4 
13 9 5 6 10 14 15 11 12 8 4 
13 9 5 6 10 14 15 11 12 8 7 3 4 
13 9 5 6 10 14 15 11 7 8 4 
13 9 5 6 10 14 15 11 7 3 4 
13 9 5 6 10 11 15 16 12 8 4 
13 9 5 6 10 11 15 16 12 8 7 3 4 
13 9 5 6 10 11 12 8 4 
13 9 5 6 10 11 12 8 7 3 4 
13 9 5 6 10 11 7 8 4 
13 9 5 6 10 11 7 3 4 
13 9 5 6 7 11 15 16 12 8 4 
13 9 5 6 7 11 12 8 4 
13 9 5 6 7 11 10 14 15 16 12 8 4 
13 9 5 6 7 8 4 
13 9 5 6 7 3 4 
13 9 5 6 2 3 7 11 15 16 12 8 4 
13 9 5 6 2 3 7 11 12 8 4 
13 9 5 6 2 3 7 11 10 14 15 16 12 8 4 
13 9 5 6 2 3 7 8 4 
13 9 5 6 2 3 4 
13 9 5 1 2 6 10 14 15 16 12 8 4 
13 9 5 1 2 6 10 14 15 16 12 8 7 3 4 
13 9 5 1 2 6 10 14 15 16 12 11 7 8 4 
13 9 5 1 2 6 10 14 15 16 12 11 7 3 4 
13 9 5 1 2 6 10 14 15 11 12 8 4 
13 9 5 1 2 6 10 14 15 11 12 8 7 3 4 
13 9 5 1 2 6 10 14 15 11 7 8 4 
13 9 5 1 2 6 10 14 15 11 7 3 4 
13 9 5 1 2 6 10 11 15 16 12 8 4 
13 9 5 1 2 6 10 11 15 16 12 8 7 3 4 
13 9 5 1 2 6 10 11 12 8 4 
13 9 5 1 2 6 10 11 12 8 7 3 4 
13 9 5 1 2 6 10 11 7 8 4 
13 9 5 1 2 6 10 11 7 3 4 
13 9 5 1 2 6 7 11 15 16 12 8 4 
13 9 5 1 2 6 7 11 12 8 4 
13 9 5 1 2 6 7 11 10 14 15 16 12 8 4 
13 9 5 1 2 6 7 8 4 
13 9 5 1 2 6 7 3 4 
13 9 5 1 2 3 7 11 15 16 12 8 4 
13 9 5 1 2 3 7 11 12 8 4 
13 9 5 1 2 3 7 11 10 14 15 16 12 8 4 
13 9 5 1 2 3 7 8 4 
13 9 5 1 2 3 7 6 10 14 15 16 12 8 4 
13 9 5 1 2 3 7 6 10 14 15 11 12 8 4 
13 9 5 1 2 3 7 6 10 11 15 16 12 8 4 
13 9 5 1 2 3 7 6 10 11 12 8 4 
13 9 5 1 2 3 4 
184
